(kicad_pcb (version 20171130) (host pcbnew "(5.1.7)-1")

  (general
    (thickness 1.6)
    (drawings 5)
    (tracks 32)
    (zones 0)
    (modules 14)
    (nets 11)
  )

  (page A4)
  (title_block
    (title Single_Transistor_AMP)
    (date 2020-10-28)
    (rev V1.0)
    (company "Ventspils Augstskola")
    (comment 1 Autors)
    (comment 2 "Vitālijs Zapāns")
    (comment 3 "PCB_CAD kurss")
  )

  (layers
    (0 F.Cu signal)
    (31 B.Cu power)
    (33 F.Adhes user)
    (35 F.Paste user)
    (37 F.SilkS user)
    (39 F.Mask user)
    (40 Dwgs.User user)
    (41 Cmts.User user)
    (42 Eco1.User user)
    (43 Eco2.User user)
    (44 Edge.Cuts user)
    (45 Margin user)
    (46 B.CrtYd user)
    (47 F.CrtYd user)
    (48 B.Fab user)
    (49 F.Fab user)
  )

  (setup
    (last_trace_width 0.25)
    (user_trace_width 0.5)
    (user_trace_width 0.75)
    (trace_clearance 0.2)
    (zone_clearance 0.508)
    (zone_45_only no)
    (trace_min 0.2)
    (via_size 0.8)
    (via_drill 0.4)
    (via_min_size 0.4)
    (via_min_drill 0.3)
    (user_via 1 0.6)
    (uvia_size 0.3)
    (uvia_drill 0.1)
    (uvias_allowed no)
    (uvia_min_size 0.2)
    (uvia_min_drill 0.1)
    (edge_width 0.05)
    (segment_width 0.2)
    (pcb_text_width 0.3)
    (pcb_text_size 1.5 1.5)
    (mod_edge_width 0.12)
    (mod_text_size 1 1)
    (mod_text_width 0.15)
    (pad_size 1.524 1.524)
    (pad_drill 0.762)
    (pad_to_mask_clearance 0)
    (aux_axis_origin 0 0)
    (visible_elements 7FFFFFFF)
    (pcbplotparams
      (layerselection 0x010fc_ffffffff)
      (usegerberextensions false)
      (usegerberattributes true)
      (usegerberadvancedattributes true)
      (creategerberjobfile true)
      (excludeedgelayer true)
      (linewidth 0.100000)
      (plotframeref false)
      (viasonmask false)
      (mode 1)
      (useauxorigin false)
      (hpglpennumber 1)
      (hpglpenspeed 20)
      (hpglpendiameter 15.000000)
      (psnegative false)
      (psa4output false)
      (plotreference true)
      (plotvalue true)
      (plotinvisibletext false)
      (padsonsilk false)
      (subtractmaskfromsilk false)
      (outputformat 1)
      (mirror false)
      (drillshape 1)
      (scaleselection 1)
      (outputdirectory ""))
  )

  (net 0 "")
  (net 1 "Net-(C1-Pad1)")
  (net 2 "Net-(C1-Pad2)")
  (net 3 "Net-(C2-Pad1)")
  (net 4 GND)
  (net 5 "Net-(C3-Pad2)")
  (net 6 "Net-(C3-Pad1)")
  (net 7 "Net-(J2-Pad1)")
  (net 8 "Net-(Q1-Pad3)")
  (net 9 "Net-(Q1-Pad1)")
  (net 10 "Net-(Q2-Pad1)")

  (net_class Default "This is the default net class."
    (clearance 0.2)
    (trace_width 0.25)
    (via_dia 0.8)
    (via_drill 0.4)
    (uvia_dia 0.3)
    (uvia_drill 0.1)
    (add_net "Net-(C1-Pad1)")
    (add_net "Net-(C1-Pad2)")
    (add_net "Net-(C2-Pad1)")
    (add_net "Net-(C3-Pad2)")
    (add_net "Net-(J2-Pad1)")
    (add_net "Net-(Q1-Pad1)")
    (add_net "Net-(Q1-Pad3)")
    (add_net "Net-(Q2-Pad1)")
  )

  (net_class Diff ""
    (clearance 0.2)
    (trace_width 0.25)
    (via_dia 0.8)
    (via_drill 0.4)
    (uvia_dia 0.3)
    (uvia_drill 0.1)
  )

  (net_class Power ""
    (clearance 0.5)
    (trace_width 0.3)
    (via_dia 1)
    (via_drill 0.6)
    (uvia_dia 0.3)
    (uvia_drill 0.1)
    (add_net GND)
    (add_net "Net-(C3-Pad1)")
  )

  (module Capacitor_SMD:C_0805_2012Metric (layer F.Cu) (tedit 5F68FEEE) (tstamp 5FAB9E55)
    (at 120.904 79.248 180)
    (descr "Capacitor SMD 0805 (2012 Metric), square (rectangular) end terminal, IPC_7351 nominal, (Body size source: IPC-SM-782 page 76, https://www.pcb-3d.com/wordpress/wp-content/uploads/ipc-sm-782a_amendment_1_and_2.pdf, https://docs.google.com/spreadsheets/d/1BsfQQcO9C6DZCsRaXUlFlo91Tg2WpOkGARC1WS5S8t0/edit?usp=sharing), generated with kicad-footprint-generator")
    (tags capacitor)
    (path /5F88B5A8)
    (attr smd)
    (fp_text reference C1 (at 2.54 0 90) (layer F.SilkS)
      (effects (font (size 1 1) (thickness 0.15)))
    )
    (fp_text value 1uF (at 0 -1.778) (layer F.Fab)
      (effects (font (size 1 1) (thickness 0.15)))
    )
    (fp_line (start -1 0.625) (end -1 -0.625) (layer F.Fab) (width 0.1))
    (fp_line (start -1 -0.625) (end 1 -0.625) (layer F.Fab) (width 0.1))
    (fp_line (start 1 -0.625) (end 1 0.625) (layer F.Fab) (width 0.1))
    (fp_line (start 1 0.625) (end -1 0.625) (layer F.Fab) (width 0.1))
    (fp_line (start -0.261252 -0.735) (end 0.261252 -0.735) (layer F.SilkS) (width 0.12))
    (fp_line (start -0.261252 0.735) (end 0.261252 0.735) (layer F.SilkS) (width 0.12))
    (fp_line (start -1.7 0.98) (end -1.7 -0.98) (layer F.CrtYd) (width 0.05))
    (fp_line (start -1.7 -0.98) (end 1.7 -0.98) (layer F.CrtYd) (width 0.05))
    (fp_line (start 1.7 -0.98) (end 1.7 0.98) (layer F.CrtYd) (width 0.05))
    (fp_line (start 1.7 0.98) (end -1.7 0.98) (layer F.CrtYd) (width 0.05))
    (fp_text user %R (at 0 0) (layer F.Fab)
      (effects (font (size 0.5 0.5) (thickness 0.08)))
    )
    (pad 1 smd roundrect (at -0.95 0 180) (size 1 1.45) (layers F.Cu F.Paste F.Mask) (roundrect_rratio 0.25)
      (net 1 "Net-(C1-Pad1)"))
    (pad 2 smd roundrect (at 0.95 0 180) (size 1 1.45) (layers F.Cu F.Paste F.Mask) (roundrect_rratio 0.25)
      (net 2 "Net-(C1-Pad2)"))
    (model ${KISYS3DMOD}/Capacitor_SMD.3dshapes/C_0805_2012Metric.wrl
      (at (xyz 0 0 0))
      (scale (xyz 1 1 1))
      (rotate (xyz 0 0 0))
    )
  )

  (module Capacitor_SMD:CP_Elec_4x3 (layer F.Cu) (tedit 5BCA39CF) (tstamp 5FAB9E7D)
    (at 131.826 84.836 270)
    (descr "SMD capacitor, aluminum electrolytic, Nichicon, 4.0x3mm")
    (tags "capacitor electrolytic")
    (path /5F88C84A)
    (attr smd)
    (fp_text reference C2 (at 0 3.048 90) (layer F.SilkS)
      (effects (font (size 1 1) (thickness 0.15)))
    )
    (fp_text value 10uF (at 0 -3.302 90) (layer F.Fab)
      (effects (font (size 1 1) (thickness 0.15)))
    )
    (fp_circle (center 0 0) (end 2 0) (layer F.Fab) (width 0.1))
    (fp_line (start 2.15 -2.15) (end 2.15 2.15) (layer F.Fab) (width 0.1))
    (fp_line (start -1.15 -2.15) (end 2.15 -2.15) (layer F.Fab) (width 0.1))
    (fp_line (start -1.15 2.15) (end 2.15 2.15) (layer F.Fab) (width 0.1))
    (fp_line (start -2.15 -1.15) (end -2.15 1.15) (layer F.Fab) (width 0.1))
    (fp_line (start -2.15 -1.15) (end -1.15 -2.15) (layer F.Fab) (width 0.1))
    (fp_line (start -2.15 1.15) (end -1.15 2.15) (layer F.Fab) (width 0.1))
    (fp_line (start -1.574773 -1) (end -1.174773 -1) (layer F.Fab) (width 0.1))
    (fp_line (start -1.374773 -1.2) (end -1.374773 -0.8) (layer F.Fab) (width 0.1))
    (fp_line (start 2.26 2.26) (end 2.26 1.06) (layer F.SilkS) (width 0.12))
    (fp_line (start 2.26 -2.26) (end 2.26 -1.06) (layer F.SilkS) (width 0.12))
    (fp_line (start -1.195563 -2.26) (end 2.26 -2.26) (layer F.SilkS) (width 0.12))
    (fp_line (start -1.195563 2.26) (end 2.26 2.26) (layer F.SilkS) (width 0.12))
    (fp_line (start -2.26 1.195563) (end -2.26 1.06) (layer F.SilkS) (width 0.12))
    (fp_line (start -2.26 -1.195563) (end -2.26 -1.06) (layer F.SilkS) (width 0.12))
    (fp_line (start -2.26 -1.195563) (end -1.195563 -2.26) (layer F.SilkS) (width 0.12))
    (fp_line (start -2.26 1.195563) (end -1.195563 2.26) (layer F.SilkS) (width 0.12))
    (fp_line (start -3 -1.56) (end -2.5 -1.56) (layer F.SilkS) (width 0.12))
    (fp_line (start -2.75 -1.81) (end -2.75 -1.31) (layer F.SilkS) (width 0.12))
    (fp_line (start 2.4 -2.4) (end 2.4 -1.05) (layer F.CrtYd) (width 0.05))
    (fp_line (start 2.4 -1.05) (end 3.35 -1.05) (layer F.CrtYd) (width 0.05))
    (fp_line (start 3.35 -1.05) (end 3.35 1.05) (layer F.CrtYd) (width 0.05))
    (fp_line (start 3.35 1.05) (end 2.4 1.05) (layer F.CrtYd) (width 0.05))
    (fp_line (start 2.4 1.05) (end 2.4 2.4) (layer F.CrtYd) (width 0.05))
    (fp_line (start -1.25 2.4) (end 2.4 2.4) (layer F.CrtYd) (width 0.05))
    (fp_line (start -1.25 -2.4) (end 2.4 -2.4) (layer F.CrtYd) (width 0.05))
    (fp_line (start -2.4 1.25) (end -1.25 2.4) (layer F.CrtYd) (width 0.05))
    (fp_line (start -2.4 -1.25) (end -1.25 -2.4) (layer F.CrtYd) (width 0.05))
    (fp_line (start -2.4 -1.25) (end -2.4 -1.05) (layer F.CrtYd) (width 0.05))
    (fp_line (start -2.4 1.05) (end -2.4 1.25) (layer F.CrtYd) (width 0.05))
    (fp_line (start -2.4 -1.05) (end -3.35 -1.05) (layer F.CrtYd) (width 0.05))
    (fp_line (start -3.35 -1.05) (end -3.35 1.05) (layer F.CrtYd) (width 0.05))
    (fp_line (start -3.35 1.05) (end -2.4 1.05) (layer F.CrtYd) (width 0.05))
    (fp_text user %R (at 0 0 90) (layer F.Fab)
      (effects (font (size 0.8 0.8) (thickness 0.12)))
    )
    (pad 1 smd roundrect (at -1.8 0 270) (size 2.6 1.6) (layers F.Cu F.Paste F.Mask) (roundrect_rratio 0.15625)
      (net 3 "Net-(C2-Pad1)"))
    (pad 2 smd roundrect (at 1.8 0 270) (size 2.6 1.6) (layers F.Cu F.Paste F.Mask) (roundrect_rratio 0.15625)
      (net 4 GND))
    (model ${KISYS3DMOD}/Capacitor_SMD.3dshapes/CP_Elec_4x3.wrl
      (at (xyz 0 0 0))
      (scale (xyz 1 1 1))
      (rotate (xyz 0 0 0))
    )
  )

  (module Capacitor_SMD:C_0805_2012Metric (layer F.Cu) (tedit 5F68FEEE) (tstamp 5FAB9E8E)
    (at 156.337 84.836 90)
    (descr "Capacitor SMD 0805 (2012 Metric), square (rectangular) end terminal, IPC_7351 nominal, (Body size source: IPC-SM-782 page 76, https://www.pcb-3d.com/wordpress/wp-content/uploads/ipc-sm-782a_amendment_1_and_2.pdf, https://docs.google.com/spreadsheets/d/1BsfQQcO9C6DZCsRaXUlFlo91Tg2WpOkGARC1WS5S8t0/edit?usp=sharing), generated with kicad-footprint-generator")
    (tags capacitor)
    (path /5F8904BD)
    (attr smd)
    (fp_text reference C3 (at 0 -1.68 90) (layer F.SilkS)
      (effects (font (size 1 1) (thickness 0.15)))
    )
    (fp_text value 1uF (at 0 1.68 90) (layer F.Fab)
      (effects (font (size 1 1) (thickness 0.15)))
    )
    (fp_line (start 1.7 0.98) (end -1.7 0.98) (layer F.CrtYd) (width 0.05))
    (fp_line (start 1.7 -0.98) (end 1.7 0.98) (layer F.CrtYd) (width 0.05))
    (fp_line (start -1.7 -0.98) (end 1.7 -0.98) (layer F.CrtYd) (width 0.05))
    (fp_line (start -1.7 0.98) (end -1.7 -0.98) (layer F.CrtYd) (width 0.05))
    (fp_line (start -0.261252 0.735) (end 0.261252 0.735) (layer F.SilkS) (width 0.12))
    (fp_line (start -0.261252 -0.735) (end 0.261252 -0.735) (layer F.SilkS) (width 0.12))
    (fp_line (start 1 0.625) (end -1 0.625) (layer F.Fab) (width 0.1))
    (fp_line (start 1 -0.625) (end 1 0.625) (layer F.Fab) (width 0.1))
    (fp_line (start -1 -0.625) (end 1 -0.625) (layer F.Fab) (width 0.1))
    (fp_line (start -1 0.625) (end -1 -0.625) (layer F.Fab) (width 0.1))
    (fp_text user %R (at 0 0 90) (layer F.Fab)
      (effects (font (size 0.5 0.5) (thickness 0.08)))
    )
    (pad 2 smd roundrect (at 0.95 0 90) (size 1 1.45) (layers F.Cu F.Paste F.Mask) (roundrect_rratio 0.25)
      (net 5 "Net-(C3-Pad2)"))
    (pad 1 smd roundrect (at -0.95 0 90) (size 1 1.45) (layers F.Cu F.Paste F.Mask) (roundrect_rratio 0.25)
      (net 6 "Net-(C3-Pad1)"))
    (model ${KISYS3DMOD}/Capacitor_SMD.3dshapes/C_0805_2012Metric.wrl
      (at (xyz 0 0 0))
      (scale (xyz 1 1 1))
      (rotate (xyz 0 0 0))
    )
  )

  (module Package_TO_SOT_THT:TO-92_Inline (layer F.Cu) (tedit 5A1DD157) (tstamp 5FAB9EF1)
    (at 125.476 79.248)
    (descr "TO-92 leads in-line, narrow, oval pads, drill 0.75mm (see NXP sot054_po.pdf)")
    (tags "to-92 sc-43 sc-43a sot54 PA33 transistor")
    (path /5F88A3B4)
    (fp_text reference Q1 (at -2.286 -2.032 90) (layer F.SilkS)
      (effects (font (size 1 1) (thickness 0.15)))
    )
    (fp_text value 2N3904 (at 5.08 -0.762 90) (layer F.Fab)
      (effects (font (size 1 1) (thickness 0.15)))
    )
    (fp_line (start -0.53 1.85) (end 3.07 1.85) (layer F.SilkS) (width 0.12))
    (fp_line (start -0.5 1.75) (end 3 1.75) (layer F.Fab) (width 0.1))
    (fp_line (start -1.46 -2.73) (end 4 -2.73) (layer F.CrtYd) (width 0.05))
    (fp_line (start -1.46 -2.73) (end -1.46 2.01) (layer F.CrtYd) (width 0.05))
    (fp_line (start 4 2.01) (end 4 -2.73) (layer F.CrtYd) (width 0.05))
    (fp_line (start 4 2.01) (end -1.46 2.01) (layer F.CrtYd) (width 0.05))
    (fp_text user %R (at 1.27 0) (layer F.Fab)
      (effects (font (size 1 1) (thickness 0.15)))
    )
    (fp_arc (start 1.27 0) (end 1.27 -2.48) (angle 135) (layer F.Fab) (width 0.1))
    (fp_arc (start 1.27 0) (end 1.27 -2.6) (angle -135) (layer F.SilkS) (width 0.12))
    (fp_arc (start 1.27 0) (end 1.27 -2.48) (angle -135) (layer F.Fab) (width 0.1))
    (fp_arc (start 1.27 0) (end 1.27 -2.6) (angle 135) (layer F.SilkS) (width 0.12))
    (pad 2 thru_hole oval (at 1.27 0) (size 1.05 1.5) (drill 0.75) (layers *.Cu *.Mask)
      (net 1 "Net-(C1-Pad1)"))
    (pad 3 thru_hole oval (at 2.54 0) (size 1.05 1.5) (drill 0.75) (layers *.Cu *.Mask)
      (net 8 "Net-(Q1-Pad3)"))
    (pad 1 thru_hole rect (at 0 0) (size 1.05 1.5) (drill 0.75) (layers *.Cu *.Mask)
      (net 9 "Net-(Q1-Pad1)"))
    (model ${KISYS3DMOD}/Package_TO_SOT_THT.3dshapes/TO-92_Inline.wrl
      (at (xyz 0 0 0))
      (scale (xyz 1 1 1))
      (rotate (xyz 0 0 0))
    )
  )

  (module Package_TO_SOT_THT:TO-92_Inline (layer F.Cu) (tedit 5A1DD157) (tstamp 5FB4E35F)
    (at 144.272 78.994)
    (descr "TO-92 leads in-line, narrow, oval pads, drill 0.75mm (see NXP sot054_po.pdf)")
    (tags "to-92 sc-43 sc-43a sot54 PA33 transistor")
    (path /5F89EF77)
    (fp_text reference Q2 (at -2.286 -2.032 90) (layer F.SilkS)
      (effects (font (size 1 1) (thickness 0.15)))
    )
    (fp_text value 2N3904 (at 4.826 -0.254 90) (layer F.Fab)
      (effects (font (size 1 1) (thickness 0.15)))
    )
    (fp_line (start 4 2.01) (end -1.46 2.01) (layer F.CrtYd) (width 0.05))
    (fp_line (start 4 2.01) (end 4 -2.73) (layer F.CrtYd) (width 0.05))
    (fp_line (start -1.46 -2.73) (end -1.46 2.01) (layer F.CrtYd) (width 0.05))
    (fp_line (start -1.46 -2.73) (end 4 -2.73) (layer F.CrtYd) (width 0.05))
    (fp_line (start -0.5 1.75) (end 3 1.75) (layer F.Fab) (width 0.1))
    (fp_line (start -0.53 1.85) (end 3.07 1.85) (layer F.SilkS) (width 0.12))
    (fp_arc (start 1.27 0) (end 1.27 -2.6) (angle 135) (layer F.SilkS) (width 0.12))
    (fp_arc (start 1.27 0) (end 1.27 -2.48) (angle -135) (layer F.Fab) (width 0.1))
    (fp_arc (start 1.27 0) (end 1.27 -2.6) (angle -135) (layer F.SilkS) (width 0.12))
    (fp_arc (start 1.27 0) (end 1.27 -2.48) (angle 135) (layer F.Fab) (width 0.1))
    (fp_text user %R (at 1.27 0) (layer F.Fab)
      (effects (font (size 1 1) (thickness 0.15)))
    )
    (pad 1 thru_hole rect (at 0 0) (size 1.05 1.5) (drill 0.75) (layers *.Cu *.Mask)
      (net 10 "Net-(Q2-Pad1)"))
    (pad 3 thru_hole oval (at 2.54 0) (size 1.05 1.5) (drill 0.75) (layers *.Cu *.Mask)
      (net 5 "Net-(C3-Pad2)"))
    (pad 2 thru_hole oval (at 1.27 0) (size 1.05 1.5) (drill 0.75) (layers *.Cu *.Mask)
      (net 8 "Net-(Q1-Pad3)"))
    (model ${KISYS3DMOD}/Package_TO_SOT_THT.3dshapes/TO-92_Inline.wrl
      (at (xyz 0 0 0))
      (scale (xyz 1 1 1))
      (rotate (xyz 0 0 0))
    )
  )

  (module Resistor_SMD:R_0805_2012Metric_Pad1.20x1.40mm_HandSolder (layer F.Cu) (tedit 5F68FEEE) (tstamp 5FAB9F14)
    (at 125.603 84.836 270)
    (descr "Resistor SMD 0805 (2012 Metric), square (rectangular) end terminal, IPC_7351 nominal with elongated pad for handsoldering. (Body size source: IPC-SM-782 page 72, https://www.pcb-3d.com/wordpress/wp-content/uploads/ipc-sm-782a_amendment_1_and_2.pdf), generated with kicad-footprint-generator")
    (tags "resistor handsolder")
    (path /5F88BE63)
    (attr smd)
    (fp_text reference R1 (at 0 1.651 90) (layer F.SilkS)
      (effects (font (size 1 1) (thickness 0.15)))
    )
    (fp_text value 10k (at 0 -1.905 90) (layer F.Fab)
      (effects (font (size 1 1) (thickness 0.15)))
    )
    (fp_line (start -1 0.625) (end -1 -0.625) (layer F.Fab) (width 0.1))
    (fp_line (start -1 -0.625) (end 1 -0.625) (layer F.Fab) (width 0.1))
    (fp_line (start 1 -0.625) (end 1 0.625) (layer F.Fab) (width 0.1))
    (fp_line (start 1 0.625) (end -1 0.625) (layer F.Fab) (width 0.1))
    (fp_line (start -0.227064 -0.735) (end 0.227064 -0.735) (layer F.SilkS) (width 0.12))
    (fp_line (start -0.227064 0.735) (end 0.227064 0.735) (layer F.SilkS) (width 0.12))
    (fp_line (start -1.85 0.95) (end -1.85 -0.95) (layer F.CrtYd) (width 0.05))
    (fp_line (start -1.85 -0.95) (end 1.85 -0.95) (layer F.CrtYd) (width 0.05))
    (fp_line (start 1.85 -0.95) (end 1.85 0.95) (layer F.CrtYd) (width 0.05))
    (fp_line (start 1.85 0.95) (end -1.85 0.95) (layer F.CrtYd) (width 0.05))
    (fp_text user %R (at 0 0 90) (layer F.Fab)
      (effects (font (size 0.5 0.5) (thickness 0.08)))
    )
    (pad 1 smd roundrect (at -1 0 270) (size 1.2 1.4) (layers F.Cu F.Paste F.Mask) (roundrect_rratio 0.208333)
      (net 1 "Net-(C1-Pad1)"))
    (pad 2 smd roundrect (at 1 0 270) (size 1.2 1.4) (layers F.Cu F.Paste F.Mask) (roundrect_rratio 0.208333)
      (net 3 "Net-(C2-Pad1)"))
    (model ${KISYS3DMOD}/Resistor_SMD.3dshapes/R_0805_2012Metric.wrl
      (at (xyz 0 0 0))
      (scale (xyz 1 1 1))
      (rotate (xyz 0 0 0))
    )
  )

  (module Resistor_SMD:R_0805_2012Metric_Pad1.20x1.40mm_HandSolder (layer F.Cu) (tedit 5F68FEEE) (tstamp 5FAB9F25)
    (at 147.193 84.836 90)
    (descr "Resistor SMD 0805 (2012 Metric), square (rectangular) end terminal, IPC_7351 nominal with elongated pad for handsoldering. (Body size source: IPC-SM-782 page 72, https://www.pcb-3d.com/wordpress/wp-content/uploads/ipc-sm-782a_amendment_1_and_2.pdf), generated with kicad-footprint-generator")
    (tags "resistor handsolder")
    (path /5F88D70C)
    (attr smd)
    (fp_text reference R2 (at 0 -1.651 90) (layer F.SilkS)
      (effects (font (size 1 1) (thickness 0.15)))
    )
    (fp_text value 220k (at 0 1.651 90) (layer F.Fab)
      (effects (font (size 1 1) (thickness 0.15)))
    )
    (fp_line (start 1.85 0.95) (end -1.85 0.95) (layer F.CrtYd) (width 0.05))
    (fp_line (start 1.85 -0.95) (end 1.85 0.95) (layer F.CrtYd) (width 0.05))
    (fp_line (start -1.85 -0.95) (end 1.85 -0.95) (layer F.CrtYd) (width 0.05))
    (fp_line (start -1.85 0.95) (end -1.85 -0.95) (layer F.CrtYd) (width 0.05))
    (fp_line (start -0.227064 0.735) (end 0.227064 0.735) (layer F.SilkS) (width 0.12))
    (fp_line (start -0.227064 -0.735) (end 0.227064 -0.735) (layer F.SilkS) (width 0.12))
    (fp_line (start 1 0.625) (end -1 0.625) (layer F.Fab) (width 0.1))
    (fp_line (start 1 -0.625) (end 1 0.625) (layer F.Fab) (width 0.1))
    (fp_line (start -1 -0.625) (end 1 -0.625) (layer F.Fab) (width 0.1))
    (fp_line (start -1 0.625) (end -1 -0.625) (layer F.Fab) (width 0.1))
    (fp_text user %R (at 0 0 90) (layer F.Fab)
      (effects (font (size 0.5 0.5) (thickness 0.08)))
    )
    (pad 2 smd roundrect (at 1 0 90) (size 1.2 1.4) (layers F.Cu F.Paste F.Mask) (roundrect_rratio 0.208333)
      (net 8 "Net-(Q1-Pad3)"))
    (pad 1 smd roundrect (at -1 0 90) (size 1.2 1.4) (layers F.Cu F.Paste F.Mask) (roundrect_rratio 0.208333)
      (net 7 "Net-(J2-Pad1)"))
    (model ${KISYS3DMOD}/Resistor_SMD.3dshapes/R_0805_2012Metric.wrl
      (at (xyz 0 0 0))
      (scale (xyz 1 1 1))
      (rotate (xyz 0 0 0))
    )
  )

  (module Resistor_SMD:R_0805_2012Metric_Pad1.20x1.40mm_HandSolder (layer F.Cu) (tedit 5F68FEEE) (tstamp 5FAB9F36)
    (at 121.031 84.963 270)
    (descr "Resistor SMD 0805 (2012 Metric), square (rectangular) end terminal, IPC_7351 nominal with elongated pad for handsoldering. (Body size source: IPC-SM-782 page 72, https://www.pcb-3d.com/wordpress/wp-content/uploads/ipc-sm-782a_amendment_1_and_2.pdf), generated with kicad-footprint-generator")
    (tags "resistor handsolder")
    (path /5F88E301)
    (attr smd)
    (fp_text reference R3 (at -0.127 1.651 90) (layer F.SilkS)
      (effects (font (size 1 1) (thickness 0.15)))
    )
    (fp_text value 1k (at 0 -1.651 90) (layer F.Fab)
      (effects (font (size 1 1) (thickness 0.15)))
    )
    (fp_line (start 1.85 0.95) (end -1.85 0.95) (layer F.CrtYd) (width 0.05))
    (fp_line (start 1.85 -0.95) (end 1.85 0.95) (layer F.CrtYd) (width 0.05))
    (fp_line (start -1.85 -0.95) (end 1.85 -0.95) (layer F.CrtYd) (width 0.05))
    (fp_line (start -1.85 0.95) (end -1.85 -0.95) (layer F.CrtYd) (width 0.05))
    (fp_line (start -0.227064 0.735) (end 0.227064 0.735) (layer F.SilkS) (width 0.12))
    (fp_line (start -0.227064 -0.735) (end 0.227064 -0.735) (layer F.SilkS) (width 0.12))
    (fp_line (start 1 0.625) (end -1 0.625) (layer F.Fab) (width 0.1))
    (fp_line (start 1 -0.625) (end 1 0.625) (layer F.Fab) (width 0.1))
    (fp_line (start -1 -0.625) (end 1 -0.625) (layer F.Fab) (width 0.1))
    (fp_line (start -1 0.625) (end -1 -0.625) (layer F.Fab) (width 0.1))
    (fp_text user %R (at 0 0 90) (layer F.Fab)
      (effects (font (size 0.5 0.5) (thickness 0.08)))
    )
    (pad 2 smd roundrect (at 1 0 270) (size 1.2 1.4) (layers F.Cu F.Paste F.Mask) (roundrect_rratio 0.208333)
      (net 4 GND))
    (pad 1 smd roundrect (at -1 0 270) (size 1.2 1.4) (layers F.Cu F.Paste F.Mask) (roundrect_rratio 0.208333)
      (net 9 "Net-(Q1-Pad1)"))
    (model ${KISYS3DMOD}/Resistor_SMD.3dshapes/R_0805_2012Metric.wrl
      (at (xyz 0 0 0))
      (scale (xyz 1 1 1))
      (rotate (xyz 0 0 0))
    )
  )

  (module Resistor_SMD:R_0805_2012Metric_Pad1.20x1.40mm_HandSolder (layer F.Cu) (tedit 5F68FEEE) (tstamp 5FAB9F47)
    (at 137.922 84.836 270)
    (descr "Resistor SMD 0805 (2012 Metric), square (rectangular) end terminal, IPC_7351 nominal with elongated pad for handsoldering. (Body size source: IPC-SM-782 page 72, https://www.pcb-3d.com/wordpress/wp-content/uploads/ipc-sm-782a_amendment_1_and_2.pdf), generated with kicad-footprint-generator")
    (tags "resistor handsolder")
    (path /5F88DD76)
    (attr smd)
    (fp_text reference R4 (at 0 1.524 90) (layer F.SilkS)
      (effects (font (size 1 1) (thickness 0.15)))
    )
    (fp_text value 100k (at 0 -1.778 90) (layer F.Fab)
      (effects (font (size 1 1) (thickness 0.15)))
    )
    (fp_line (start -1 0.625) (end -1 -0.625) (layer F.Fab) (width 0.1))
    (fp_line (start -1 -0.625) (end 1 -0.625) (layer F.Fab) (width 0.1))
    (fp_line (start 1 -0.625) (end 1 0.625) (layer F.Fab) (width 0.1))
    (fp_line (start 1 0.625) (end -1 0.625) (layer F.Fab) (width 0.1))
    (fp_line (start -0.227064 -0.735) (end 0.227064 -0.735) (layer F.SilkS) (width 0.12))
    (fp_line (start -0.227064 0.735) (end 0.227064 0.735) (layer F.SilkS) (width 0.12))
    (fp_line (start -1.85 0.95) (end -1.85 -0.95) (layer F.CrtYd) (width 0.05))
    (fp_line (start -1.85 -0.95) (end 1.85 -0.95) (layer F.CrtYd) (width 0.05))
    (fp_line (start 1.85 -0.95) (end 1.85 0.95) (layer F.CrtYd) (width 0.05))
    (fp_line (start 1.85 0.95) (end -1.85 0.95) (layer F.CrtYd) (width 0.05))
    (fp_text user %R (at 0 0 90) (layer F.Fab)
      (effects (font (size 0.5 0.5) (thickness 0.08)))
    )
    (pad 1 smd roundrect (at -1 0 270) (size 1.2 1.4) (layers F.Cu F.Paste F.Mask) (roundrect_rratio 0.208333)
      (net 10 "Net-(Q2-Pad1)"))
    (pad 2 smd roundrect (at 1 0 270) (size 1.2 1.4) (layers F.Cu F.Paste F.Mask) (roundrect_rratio 0.208333)
      (net 3 "Net-(C2-Pad1)"))
    (model ${KISYS3DMOD}/Resistor_SMD.3dshapes/R_0805_2012Metric.wrl
      (at (xyz 0 0 0))
      (scale (xyz 1 1 1))
      (rotate (xyz 0 0 0))
    )
  )

  (module Resistor_SMD:R_0805_2012Metric_Pad1.20x1.40mm_HandSolder (layer F.Cu) (tedit 5F68FEEE) (tstamp 5FAB9F58)
    (at 151.892 84.836 90)
    (descr "Resistor SMD 0805 (2012 Metric), square (rectangular) end terminal, IPC_7351 nominal with elongated pad for handsoldering. (Body size source: IPC-SM-782 page 72, https://www.pcb-3d.com/wordpress/wp-content/uploads/ipc-sm-782a_amendment_1_and_2.pdf), generated with kicad-footprint-generator")
    (tags "resistor handsolder")
    (path /5F88FEAB)
    (attr smd)
    (fp_text reference R5 (at 0 -1.65 90) (layer F.SilkS)
      (effects (font (size 1 1) (thickness 0.15)))
    )
    (fp_text value 6.8k (at 0 1.65 90) (layer F.Fab)
      (effects (font (size 1 1) (thickness 0.15)))
    )
    (fp_line (start 1.85 0.95) (end -1.85 0.95) (layer F.CrtYd) (width 0.05))
    (fp_line (start 1.85 -0.95) (end 1.85 0.95) (layer F.CrtYd) (width 0.05))
    (fp_line (start -1.85 -0.95) (end 1.85 -0.95) (layer F.CrtYd) (width 0.05))
    (fp_line (start -1.85 0.95) (end -1.85 -0.95) (layer F.CrtYd) (width 0.05))
    (fp_line (start -0.227064 0.735) (end 0.227064 0.735) (layer F.SilkS) (width 0.12))
    (fp_line (start -0.227064 -0.735) (end 0.227064 -0.735) (layer F.SilkS) (width 0.12))
    (fp_line (start 1 0.625) (end -1 0.625) (layer F.Fab) (width 0.1))
    (fp_line (start 1 -0.625) (end 1 0.625) (layer F.Fab) (width 0.1))
    (fp_line (start -1 -0.625) (end 1 -0.625) (layer F.Fab) (width 0.1))
    (fp_line (start -1 0.625) (end -1 -0.625) (layer F.Fab) (width 0.1))
    (fp_text user %R (at 0 0 90) (layer F.Fab)
      (effects (font (size 0.5 0.5) (thickness 0.08)))
    )
    (pad 2 smd roundrect (at 1 0 90) (size 1.2 1.4) (layers F.Cu F.Paste F.Mask) (roundrect_rratio 0.208333)
      (net 5 "Net-(C3-Pad2)"))
    (pad 1 smd roundrect (at -1 0 90) (size 1.2 1.4) (layers F.Cu F.Paste F.Mask) (roundrect_rratio 0.208333)
      (net 7 "Net-(J2-Pad1)"))
    (model ${KISYS3DMOD}/Resistor_SMD.3dshapes/R_0805_2012Metric.wrl
      (at (xyz 0 0 0))
      (scale (xyz 1 1 1))
      (rotate (xyz 0 0 0))
    )
  )

  (module Resistor_SMD:R_0805_2012Metric_Pad1.20x1.40mm_HandSolder (layer F.Cu) (tedit 5F68FEEE) (tstamp 5FAB9F69)
    (at 142.494 84.836 270)
    (descr "Resistor SMD 0805 (2012 Metric), square (rectangular) end terminal, IPC_7351 nominal with elongated pad for handsoldering. (Body size source: IPC-SM-782 page 72, https://www.pcb-3d.com/wordpress/wp-content/uploads/ipc-sm-782a_amendment_1_and_2.pdf), generated with kicad-footprint-generator")
    (tags "resistor handsolder")
    (path /5F88E6F4)
    (attr smd)
    (fp_text reference R6 (at 0 1.524 90) (layer F.SilkS)
      (effects (font (size 1 1) (thickness 0.15)))
    )
    (fp_text value 1k (at 0 -1.778 90) (layer F.Fab)
      (effects (font (size 1 1) (thickness 0.15)))
    )
    (fp_line (start -1 0.625) (end -1 -0.625) (layer F.Fab) (width 0.1))
    (fp_line (start -1 -0.625) (end 1 -0.625) (layer F.Fab) (width 0.1))
    (fp_line (start 1 -0.625) (end 1 0.625) (layer F.Fab) (width 0.1))
    (fp_line (start 1 0.625) (end -1 0.625) (layer F.Fab) (width 0.1))
    (fp_line (start -0.227064 -0.735) (end 0.227064 -0.735) (layer F.SilkS) (width 0.12))
    (fp_line (start -0.227064 0.735) (end 0.227064 0.735) (layer F.SilkS) (width 0.12))
    (fp_line (start -1.85 0.95) (end -1.85 -0.95) (layer F.CrtYd) (width 0.05))
    (fp_line (start -1.85 -0.95) (end 1.85 -0.95) (layer F.CrtYd) (width 0.05))
    (fp_line (start 1.85 -0.95) (end 1.85 0.95) (layer F.CrtYd) (width 0.05))
    (fp_line (start 1.85 0.95) (end -1.85 0.95) (layer F.CrtYd) (width 0.05))
    (fp_text user %R (at 0 0 90) (layer F.Fab)
      (effects (font (size 0.5 0.5) (thickness 0.08)))
    )
    (pad 1 smd roundrect (at -1 0 270) (size 1.2 1.4) (layers F.Cu F.Paste F.Mask) (roundrect_rratio 0.208333)
      (net 10 "Net-(Q2-Pad1)"))
    (pad 2 smd roundrect (at 1 0 270) (size 1.2 1.4) (layers F.Cu F.Paste F.Mask) (roundrect_rratio 0.208333)
      (net 4 GND))
    (model ${KISYS3DMOD}/Resistor_SMD.3dshapes/R_0805_2012Metric.wrl
      (at (xyz 0 0 0))
      (scale (xyz 1 1 1))
      (rotate (xyz 0 0 0))
    )
  )

  (module Connector_PinHeader_2.54mm:PinHeader_1x02_P2.54mm_Vertical (layer F.Cu) (tedit 59FED5CC) (tstamp 5FB4D931)
    (at 116.84 86.36 180)
    (descr "Through hole straight pin header, 1x02, 2.54mm pitch, single row")
    (tags "Through hole pin header THT 1x02 2.54mm single row")
    (path /5F898D93)
    (fp_text reference J1 (at 2.54 1.524 90) (layer F.SilkS)
      (effects (font (size 1 1) (thickness 0.15)))
    )
    (fp_text value Signal_Input (at 0 -2.54) (layer F.Fab)
      (effects (font (size 1 1) (thickness 0.15)))
    )
    (fp_line (start -0.635 -1.27) (end 1.27 -1.27) (layer F.Fab) (width 0.1))
    (fp_line (start 1.27 -1.27) (end 1.27 3.81) (layer F.Fab) (width 0.1))
    (fp_line (start 1.27 3.81) (end -1.27 3.81) (layer F.Fab) (width 0.1))
    (fp_line (start -1.27 3.81) (end -1.27 -0.635) (layer F.Fab) (width 0.1))
    (fp_line (start -1.27 -0.635) (end -0.635 -1.27) (layer F.Fab) (width 0.1))
    (fp_line (start -1.33 3.87) (end 1.33 3.87) (layer F.SilkS) (width 0.12))
    (fp_line (start -1.33 1.27) (end -1.33 3.87) (layer F.SilkS) (width 0.12))
    (fp_line (start 1.33 1.27) (end 1.33 3.87) (layer F.SilkS) (width 0.12))
    (fp_line (start -1.33 1.27) (end 1.33 1.27) (layer F.SilkS) (width 0.12))
    (fp_line (start -1.33 0) (end -1.33 -1.33) (layer F.SilkS) (width 0.12))
    (fp_line (start -1.33 -1.33) (end 0 -1.33) (layer F.SilkS) (width 0.12))
    (fp_line (start -1.8 -1.8) (end -1.8 4.35) (layer F.CrtYd) (width 0.05))
    (fp_line (start -1.8 4.35) (end 1.8 4.35) (layer F.CrtYd) (width 0.05))
    (fp_line (start 1.8 4.35) (end 1.8 -1.8) (layer F.CrtYd) (width 0.05))
    (fp_line (start 1.8 -1.8) (end -1.8 -1.8) (layer F.CrtYd) (width 0.05))
    (fp_text user %R (at 0 1.27 90) (layer F.Fab)
      (effects (font (size 1 1) (thickness 0.15)))
    )
    (pad 2 thru_hole oval (at 0 2.54 180) (size 1.7 1.7) (drill 1) (layers *.Cu *.Mask)
      (net 2 "Net-(C1-Pad2)"))
    (pad 1 thru_hole rect (at 0 0 180) (size 1.7 1.7) (drill 1) (layers *.Cu *.Mask)
      (net 4 GND))
    (model ${KISYS3DMOD}/Connector_PinHeader_2.54mm.3dshapes/PinHeader_1x02_P2.54mm_Vertical.wrl
      (at (xyz 0 0 0))
      (scale (xyz 1 1 1))
      (rotate (xyz 0 0 0))
    )
  )

  (module Connector_PinHeader_2.54mm:PinHeader_1x02_P2.54mm_Vertical (layer F.Cu) (tedit 59FED5CC) (tstamp 5FB4D95A)
    (at 155.194 89.408 270)
    (descr "Through hole straight pin header, 1x02, 2.54mm pitch, single row")
    (tags "Through hole pin header THT 1x02 2.54mm single row")
    (path /5F8986A4)
    (fp_text reference J3 (at -0.254 5.08 90) (layer F.SilkS)
      (effects (font (size 1 1) (thickness 0.15)))
    )
    (fp_text value Signal_Output (at 2.921 0.889 180) (layer F.Fab)
      (effects (font (size 1 1) (thickness 0.15)))
    )
    (fp_line (start 1.8 -1.8) (end -1.8 -1.8) (layer F.CrtYd) (width 0.05))
    (fp_line (start 1.8 4.35) (end 1.8 -1.8) (layer F.CrtYd) (width 0.05))
    (fp_line (start -1.8 4.35) (end 1.8 4.35) (layer F.CrtYd) (width 0.05))
    (fp_line (start -1.8 -1.8) (end -1.8 4.35) (layer F.CrtYd) (width 0.05))
    (fp_line (start -1.33 -1.33) (end 0 -1.33) (layer F.SilkS) (width 0.12))
    (fp_line (start -1.33 0) (end -1.33 -1.33) (layer F.SilkS) (width 0.12))
    (fp_line (start -1.33 1.27) (end 1.33 1.27) (layer F.SilkS) (width 0.12))
    (fp_line (start 1.33 1.27) (end 1.33 3.87) (layer F.SilkS) (width 0.12))
    (fp_line (start -1.33 1.27) (end -1.33 3.87) (layer F.SilkS) (width 0.12))
    (fp_line (start -1.33 3.87) (end 1.33 3.87) (layer F.SilkS) (width 0.12))
    (fp_line (start -1.27 -0.635) (end -0.635 -1.27) (layer F.Fab) (width 0.1))
    (fp_line (start -1.27 3.81) (end -1.27 -0.635) (layer F.Fab) (width 0.1))
    (fp_line (start 1.27 3.81) (end -1.27 3.81) (layer F.Fab) (width 0.1))
    (fp_line (start 1.27 -1.27) (end 1.27 3.81) (layer F.Fab) (width 0.1))
    (fp_line (start -0.635 -1.27) (end 1.27 -1.27) (layer F.Fab) (width 0.1))
    (fp_text user %R (at 0 1.27) (layer F.Fab)
      (effects (font (size 1 1) (thickness 0.15)))
    )
    (pad 1 thru_hole rect (at 0 0 270) (size 1.7 1.7) (drill 1) (layers *.Cu *.Mask)
      (net 6 "Net-(C3-Pad1)"))
    (pad 2 thru_hole oval (at 0 2.54 270) (size 1.7 1.7) (drill 1) (layers *.Cu *.Mask)
      (net 4 GND))
    (model ${KISYS3DMOD}/Connector_PinHeader_2.54mm.3dshapes/PinHeader_1x02_P2.54mm_Vertical.wrl
      (at (xyz 0 0 0))
      (scale (xyz 1 1 1))
      (rotate (xyz 0 0 0))
    )
  )

  (module Connector_PinHeader_2.54mm:PinHeader_1x02_P2.54mm_Vertical (layer F.Cu) (tedit 59FED5CC) (tstamp 5FB4DF68)
    (at 146.304 89.408 270)
    (descr "Through hole straight pin header, 1x02, 2.54mm pitch, single row")
    (tags "Through hole pin header THT 1x02 2.54mm single row")
    (path /5F89BBB8)
    (fp_text reference J2 (at 0 5.08 90) (layer F.SilkS)
      (effects (font (size 1 1) (thickness 0.15)))
    )
    (fp_text value +12V (at 3.175 1.778 180) (layer F.Fab)
      (effects (font (size 1 1) (thickness 0.15)))
    )
    (fp_line (start 1.8 -1.8) (end -1.8 -1.8) (layer F.CrtYd) (width 0.05))
    (fp_line (start 1.8 4.35) (end 1.8 -1.8) (layer F.CrtYd) (width 0.05))
    (fp_line (start -1.8 4.35) (end 1.8 4.35) (layer F.CrtYd) (width 0.05))
    (fp_line (start -1.8 -1.8) (end -1.8 4.35) (layer F.CrtYd) (width 0.05))
    (fp_line (start -1.33 -1.33) (end 0 -1.33) (layer F.SilkS) (width 0.12))
    (fp_line (start -1.33 0) (end -1.33 -1.33) (layer F.SilkS) (width 0.12))
    (fp_line (start -1.33 1.27) (end 1.33 1.27) (layer F.SilkS) (width 0.12))
    (fp_line (start 1.33 1.27) (end 1.33 3.87) (layer F.SilkS) (width 0.12))
    (fp_line (start -1.33 1.27) (end -1.33 3.87) (layer F.SilkS) (width 0.12))
    (fp_line (start -1.33 3.87) (end 1.33 3.87) (layer F.SilkS) (width 0.12))
    (fp_line (start -1.27 -0.635) (end -0.635 -1.27) (layer F.Fab) (width 0.1))
    (fp_line (start -1.27 3.81) (end -1.27 -0.635) (layer F.Fab) (width 0.1))
    (fp_line (start 1.27 3.81) (end -1.27 3.81) (layer F.Fab) (width 0.1))
    (fp_line (start 1.27 -1.27) (end 1.27 3.81) (layer F.Fab) (width 0.1))
    (fp_line (start -0.635 -1.27) (end 1.27 -1.27) (layer F.Fab) (width 0.1))
    (fp_text user %R (at 0 1.27) (layer F.Fab)
      (effects (font (size 1 1) (thickness 0.15)))
    )
    (pad 1 thru_hole rect (at 0 0 270) (size 1.7 1.7) (drill 1) (layers *.Cu *.Mask)
      (net 7 "Net-(J2-Pad1)"))
    (pad 2 thru_hole oval (at 0 2.54 270) (size 1.7 1.7) (drill 1) (layers *.Cu *.Mask)
      (net 4 GND))
    (model ${KISYS3DMOD}/Connector_PinHeader_2.54mm.3dshapes/PinHeader_1x02_P2.54mm_Vertical.wrl
      (at (xyz 0 0 0))
      (scale (xyz 1 1 1))
      (rotate (xyz 0 0 0))
    )
  )

  (gr_line (start 163.068 79.375) (end 163.068 95.1611) (layer Edge.Cuts) (width 0.05))
  (gr_line (start 109.6772 95.1611) (end 163.068 95.1611) (layer Edge.Cuts) (width 0.05))
  (gr_line (start 109.6772 91.6813) (end 109.6772 95.1611) (layer Edge.Cuts) (width 0.05))
  (gr_line (start 109.675588 79.15777) (end 109.6772 91.6813) (layer Edge.Cuts) (width 0.05))
  (gr_arc (start 136.144 135.255) (end 163.067999 79.375001) (angle -50.98500316) (layer Edge.Cuts) (width 0.05))

  (segment (start 126.746 82.693) (end 126.746 79.248) (width 0.5) (layer F.Cu) (net 1))
  (segment (start 125.603 83.836) (end 126.746 82.693) (width 0.5) (layer F.Cu) (net 1))
  (segment (start 126.746 78.432998) (end 126.746 79.248) (width 0.5) (layer F.Cu) (net 1))
  (segment (start 126.361001 78.047999) (end 126.746 78.432998) (width 0.5) (layer F.Cu) (net 1))
  (segment (start 123.054001 78.047999) (end 126.361001 78.047999) (width 0.5) (layer F.Cu) (net 1))
  (segment (start 121.854 79.248) (end 123.054001 78.047999) (width 0.5) (layer F.Cu) (net 1))
  (segment (start 116.84 82.362) (end 119.954 79.248) (width 0.5) (layer F.Cu) (net 2))
  (segment (start 116.84 83.82) (end 116.84 82.362) (width 0.5) (layer F.Cu) (net 2))
  (segment (start 129.026 85.836) (end 131.826 83.036) (width 0.5) (layer F.Cu) (net 3))
  (segment (start 125.603 85.836) (end 129.026 85.836) (width 0.5) (layer F.Cu) (net 3))
  (segment (start 135.122 83.036) (end 137.922 85.836) (width 0.5) (layer F.Cu) (net 3))
  (segment (start 131.826 83.036) (end 135.122 83.036) (width 0.5) (layer F.Cu) (net 3))
  (segment (start 156.287 83.836) (end 156.337 83.886) (width 0.5) (layer F.Cu) (net 5))
  (segment (start 151.892 83.836) (end 156.287 83.836) (width 0.5) (layer F.Cu) (net 5))
  (segment (start 147.05 78.994) (end 151.892 83.836) (width 0.5) (layer F.Cu) (net 5))
  (segment (start 146.812 78.994) (end 147.05 78.994) (width 0.5) (layer F.Cu) (net 5))
  (segment (start 155.194 86.929) (end 156.337 85.786) (width 0.5) (layer F.Cu) (net 6))
  (segment (start 155.194 89.408) (end 155.194 86.929) (width 0.5) (layer F.Cu) (net 6))
  (segment (start 146.304 86.725) (end 147.193 85.836) (width 0.5) (layer F.Cu) (net 7))
  (segment (start 146.304 89.408) (end 146.304 86.725) (width 0.5) (layer F.Cu) (net 7))
  (segment (start 147.193 85.836) (end 151.892 85.836) (width 0.5) (layer F.Cu) (net 7))
  (segment (start 145.542 82.185) (end 147.193 83.836) (width 0.5) (layer F.Cu) (net 8))
  (segment (start 145.542 78.994) (end 145.542 82.185) (width 0.5) (layer F.Cu) (net 8))
  (segment (start 145.542 78.178998) (end 145.542 78.994) (width 0.5) (layer F.Cu) (net 8))
  (segment (start 145.157001 77.793999) (end 145.542 78.178998) (width 0.5) (layer F.Cu) (net 8))
  (segment (start 129.470001 77.793999) (end 145.157001 77.793999) (width 0.5) (layer F.Cu) (net 8))
  (segment (start 128.016 79.248) (end 129.470001 77.793999) (width 0.5) (layer F.Cu) (net 8))
  (segment (start 121.031 83.693) (end 125.476 79.248) (width 0.5) (layer F.Cu) (net 9))
  (segment (start 121.031 83.963) (end 121.031 83.693) (width 0.5) (layer F.Cu) (net 9))
  (segment (start 137.922 83.836) (end 142.494 83.836) (width 0.5) (layer F.Cu) (net 10))
  (segment (start 142.494 80.772) (end 144.272 78.994) (width 0.5) (layer F.Cu) (net 10))
  (segment (start 142.494 83.836) (end 142.494 80.772) (width 0.5) (layer F.Cu) (net 10))

  (zone (net 4) (net_name GND) (layer F.Cu) (tstamp 0) (hatch edge 0.508)
    (connect_pads (clearance 0.508))
    (min_thickness 0.254)
    (fill yes (arc_segments 32) (thermal_gap 0.508) (thermal_bridge_width 0.508))
    (polygon
      (pts
        (xy 138.85 73.3) (xy 142.2 73.525) (xy 145.85 74) (xy 148.925 74.55) (xy 152.25 75.375)
        (xy 154.675 76.075) (xy 156.525 76.675) (xy 158.025 77.225) (xy 159.325 77.725) (xy 160.375 78.15)
        (xy 161.55 78.675) (xy 163.075 79.375) (xy 163.075 95.15) (xy 109.675 95.15) (xy 109.675 79.175)
        (xy 111.575 78.3) (xy 115.45 76.8) (xy 119.6 75.475) (xy 123.025 74.625) (xy 128.2 73.75)
        (xy 131.175 73.425) (xy 134.975 73.25)
      )
    )
    (filled_polygon
      (pts
        (xy 140.147627 74.017922) (xy 143.240633 74.298896) (xy 146.315502 74.736001) (xy 149.364316 75.328112) (xy 152.379267 76.073712)
        (xy 155.352627 76.970891) (xy 158.276796 78.017355) (xy 161.147514 79.211768) (xy 162.408 79.796415) (xy 162.408001 94.5011)
        (xy 110.3372 94.5011) (xy 110.3372 91.713674) (xy 110.337204 91.713633) (xy 110.3372 91.68257) (xy 110.3372 91.648881)
        (xy 110.337196 91.648837) (xy 110.336954 89.764891) (xy 142.322519 89.764891) (xy 142.419843 90.039252) (xy 142.568822 90.289355)
        (xy 142.763731 90.505588) (xy 142.99708 90.679641) (xy 143.259901 90.804825) (xy 143.40711 90.849476) (xy 143.637 90.728155)
        (xy 143.637 89.535) (xy 142.443186 89.535) (xy 142.322519 89.764891) (xy 110.336954 89.764891) (xy 110.336863 89.051109)
        (xy 142.322519 89.051109) (xy 142.443186 89.281) (xy 143.637 89.281) (xy 143.637 88.087845) (xy 143.40711 87.966524)
        (xy 143.259901 88.011175) (xy 142.99708 88.136359) (xy 142.763731 88.310412) (xy 142.568822 88.526645) (xy 142.419843 88.776748)
        (xy 142.322519 89.051109) (xy 110.336863 89.051109) (xy 110.336719 87.936) (xy 130.387928 87.936) (xy 130.400188 88.060482)
        (xy 130.436498 88.18018) (xy 130.495463 88.290494) (xy 130.574815 88.387185) (xy 130.671506 88.466537) (xy 130.78182 88.525502)
        (xy 130.901518 88.561812) (xy 131.026 88.574072) (xy 131.54025 88.571) (xy 131.699 88.41225) (xy 131.699 86.763)
        (xy 131.953 86.763) (xy 131.953 88.41225) (xy 132.11175 88.571) (xy 132.626 88.574072) (xy 132.750482 88.561812)
        (xy 132.87018 88.525502) (xy 132.980494 88.466537) (xy 133.077185 88.387185) (xy 133.156537 88.290494) (xy 133.215502 88.18018)
        (xy 133.251812 88.060482) (xy 133.264072 87.936) (xy 133.261 86.92175) (xy 133.10225 86.763) (xy 131.953 86.763)
        (xy 131.699 86.763) (xy 130.54975 86.763) (xy 130.391 86.92175) (xy 130.387928 87.936) (xy 110.336719 87.936)
